theta0=8496.341677263237
theta1=-0.02142662192172827
m.s.e.=0.4456475722638669