theta0=8496.341677263237
theta1=-0.02142662192172827
m.s.e.=0.4456475722638669
dataLs=[[240.0, 3.65], [139.8, 3.8], [150.5, 4.4], [185.53, 4.45], [176.0, 5.25], [114.8, 5.35], [166.8, 5.8], [89.0, 5.99], [144.5, 5.999], [84.0, 6.2], [82.029, 6.39], [63.06, 6.39], [74.0, 6.6], [97.5, 6.8], [67.0, 6.8], [76.025, 6.9], [48.235, 6.9], [93.0, 6.99], [60.949, 7.49], [65.674, 7.555], [54.0, 7.99], [68.5, 7.99], [22.899, 7.99], [61.789, 8.29]]